nan
1.166383102536201477e-01
7.152059697546064854e-04
5.032145977020263672e-02
2.382079605013132095e-03
1.290936321020126343e-01
-2.690388355404138565e-03
9.462478756904602051e-02
2.337244804948568344e-03
7.304365187883377075e-02
-2.452289336360991001e-04
6.747858226299285889e-02
-4.226509016007184982e-03
5.784549191594123840e-02
2.138399053364992142e-03
9.804211556911468506e-02
1.243087579496204853e-03
1.506723165512084961e-01
-2.982604317367076874e-03
1.040274053812026978e-01
-1.851712004281580448e-03
9.639351069927215576e-02
3.556301584467291832e-03
1.452522873878479004e-01
2.452170883771032095e-04
8.922428637742996216e-02
1.742511289194226265e-03
9.014120697975158691e-02
7.031021523289382458e-04
1.184613630175590515e-01
2.835655119270086288e-03
1.240407228469848633e-01
1.886906800791621208e-03
9.875585138797760010e-02
2.034183358773589134e-03
1.404487490653991699e-01
-3.503954736515879631e-03
7.138358801603317261e-02
-8.100969134829938412e-04
8.452957123517990112e-02
1.485164859332144260e-03
5.186704173684120178e-02
1.466771122068166733e-03
8.502388745546340942e-02
2.798365021590143442e-04
1.119295358657836914e-01
-5.254020215943455696e-04
7.094298303127288818e-02
5.387761630117893219e-04
1.019422337412834167e-01
3.032797249034047127e-03
1.033933237195014954e-01
-2.200258895754814148e-04
8.076879382133483887e-02
-2.280004089698195457e-03
7.856247574090957642e-02
-3.860897617414593697e-03
1.068174466490745544e-01
2.167822327464818954e-03
5.057604610919952393e-02
-3.637004643678665161e-03
7.970485091209411621e-02
-2.862156834453344345e-04
1.102356389164924622e-01
-3.239326644688844681e-03
6.426103413105010986e-02
1.252138870768249035e-03
7.360263913869857788e-02
6.060000741854310036e-04
1.123882159590721130e-01
-5.128508928464725614e-05
6.393214315176010132e-02
-1.150155439972877502e-03
8.651883155107498169e-02
-1.838753349147737026e-03
7.100620120763778687e-02
2.600439125671982765e-03
1.086797788739204407e-01
3.767996095120906830e-03
6.046027690172195435e-02
-3.042897908017039299e-03
9.256750345230102539e-02
2.104888670146465302e-03
6.145630404353141785e-02
-3.016554517671465874e-03
6.879900395870208740e-02
-3.578594652935862541e-03
2.440989203751087189e-02
2.124502556398510933e-03
9.779737144708633423e-02
-3.600732423365116119e-03
4.881400242447853088e-02
1.101741916500031948e-03
1.168294847011566162e-01
1.961195375770330429e-03
6.669152528047561646e-02
2.088405657559633255e-03
7.215762138366699219e-02
-2.891789190471172333e-03
9.752508252859115601e-02
-3.662293311208486557e-03
1.334374397993087769e-01
4.007438663393259048e-03
7.618383318185806274e-02
1.943375915288925171e-03
7.984152436256408691e-02
-2.487494610249996185e-03
6.360710412263870239e-02
-4.523470997810363770e-03
8.876303583383560181e-02
1.621614443138241768e-03
1.062113493680953979e-01
-2.545730676501989365e-03
1.072160005569458008e-01
-3.916314337402582169e-03
8.096541464328765869e-02
-9.467171621508896351e-04
8.808791637420654297e-02
4.653924261219799519e-04
9.689221531152725220e-02
3.411242738366127014e-03
5.806590244174003601e-02
1.107000163756310940e-03
9.005675464868545532e-02
2.568439347669482231e-03
8.037503808736801147e-02
3.339886432513594627e-03
1.124279350042343140e-01
2.394373004790395498e-04
6.188385561108589172e-02
-2.772022970020771027e-03
3.517547622323036194e-02
1.186845474876463413e-03
1.288117915391921997e-01
4.473366774618625641e-03
1.011499464511871338e-01
-3.202255582436919212e-03
6.891104578971862793e-02
1.929693971760571003e-03
1.261524409055709839e-01
-6.044730544090270996e-03
1.168712899088859558e-01
1.867297221906483173e-03
8.671569824218750000e-02
3.155775484628975391e-04
5.296555534005165100e-02
1.039492664858698845e-03
7.851038873195648193e-02
1.585076213814318180e-03
9.904890507459640503e-02
-7.901901844888925552e-04
9.797623008489608765e-02
-7.823966006981208920e-05
7.103019952774047852e-02
-5.302215577103197575e-04
1.103083491325378418e-01
1.169189927168190479e-03
8.947404474020004272e-02
-8.076222147792577744e-04
8.163022249937057495e-02
1.605589641258120537e-03
1.091242432594299316e-01
-4.066030494868755341e-03
8.005923777818679810e-02
-2.623991109430789948e-03
1.541765332221984863e-01
3.659849055111408234e-03
1.261616498231887817e-01
-1.183759537525475025e-03
8.797248452901840210e-02
1.099496963433921337e-03
1.045459881424903870e-01
2.049666829407215118e-03
1.279499977827072144e-01
4.451622371561825275e-04
1.975711667910218239e-03
4.068005457520484924e-02
-1.286250539124011993e-03
5.026895180344581604e-02
-7.117213099263608456e-04
5.863917618989944458e-02
-5.259619560092687607e-03
5.391824245452880859e-02
-5.437238141894340515e-04
4.604617506265640259e-02
3.101859707385301590e-03
1.877083815634250641e-02
-3.396448446437716484e-04
4.479901492595672607e-02
1.835757866501808167e-04
5.121855065226554871e-02
4.845332819968461990e-03
3.909078985452651978e-02
1.247109146788716316e-03
5.711520463228225708e-02
1.784606953151524067e-03
5.481243133544921875e-02
5.045130848884582520e-03
3.621511533856391907e-02
-9.801834676181897521e-05
4.675327613949775696e-02
-5.298329051584005356e-03
5.562705919146537781e-02
-1.849251333624124527e-03
4.295008257031440735e-02
-8.292511920444667339e-04
3.895604610443115234e-02
-8.466861210763454437e-03
4.643737524747848511e-02
1.339924172498285770e-03
5.668082460761070251e-02
1.260312041267752647e-03
5.034701153635978699e-02
3.223202947992831469e-04
6.294701248407363892e-02
3.745154026546515524e-05
6.189108267426490784e-02
9.394402732141315937e-04
4.113061353564262390e-02
1.906062127090990543e-03
3.308624401688575745e-02
7.037980831228196621e-04
5.454572290182113647e-02
-2.936866367235779762e-03
3.453490883111953735e-02
8.951065246947109699e-04
3.514248877763748169e-02
2.909712027758359909e-03
5.190487951040267944e-02
-1.361489179544150829e-03
3.101735748350620270e-02
-5.561652127653360367e-03
3.021805360913276672e-02
1.982392044737935066e-03
4.089766368269920349e-02
6.108509260229766369e-04
3.211777284741401672e-02
-4.038093611598014832e-03
3.682743757963180542e-02
-4.198482260107994080e-03
5.045970901846885681e-02
-7.411821861751377583e-04
2.680499292910099030e-02
-2.626779256388545036e-03
4.142742976546287537e-02
1.997741404920816422e-03
3.361735865473747253e-02
-7.794792763888835907e-04
4.542488232254981995e-02
-2.630512462928891182e-03
3.576698899269104004e-02
1.120610540965572000e-04
3.523784875869750977e-02
1.743594883009791374e-03
4.837626963853836060e-02
-6.002963054925203323e-04
4.321254044771194458e-02
-1.803255639970302582e-03
3.168063610792160034e-02
-2.502252347767353058e-03
4.439535364508628845e-02
-1.565309241414070129e-03
2.877549082040786743e-02
5.205833585932850838e-04
3.595478087663650513e-02
2.091050846502184868e-03
5.359974503517150879e-02
-1.046564080752432346e-03
5.627579614520072937e-02
2.860585693269968033e-03
6.078420206904411316e-02
3.146924544125795364e-03
5.171436443924903870e-02
-1.406699651852250099e-03
5.239891633391380310e-02
2.912516472861170769e-03
3.638632968068122864e-02
1.715767895802855492e-03
5.853972956538200378e-02
3.061289200559258461e-03
3.849671036005020142e-02
-2.796470653265714645e-03
3.289594873785972595e-02
-2.304796362295746803e-03
4.155398905277252197e-02
2.785522257909178734e-03
3.734033182263374329e-02
-2.484274795278906822e-03
5.739136040210723877e-02
-8.850707090459764004e-04
4.162568971514701843e-02
1.058881636708974838e-03
5.103938654065132141e-02
-4.876301623880863190e-03
4.108827933669090271e-02
-1.007042126730084419e-03
3.359630331397056580e-02
-2.957583870738744736e-03
3.658174723386764526e-02
-9.840915445238351822e-04
2.102493308484554291e-02
2.163100056350231171e-03
1.691892743110656738e-02
-2.947857836261391640e-03
4.159126058220863342e-02
-2.728614956140518188e-03
6.653107702732086182e-02
1.074108295142650604e-03
5.642573907971382141e-02
-3.295109840109944344e-03
5.613600090146064758e-02
-1.793786883354187012e-03
4.012668877840042114e-02
1.534387818537652493e-03
5.441937968134880066e-02
-1.592548505868762732e-04
4.226010665297508240e-02
-8.505660225637257099e-04
5.310085043311119080e-02
9.652607259340584278e-04
4.447637498378753662e-02
1.333313412033021450e-03
3.452853485941886902e-02
-1.414750586263835430e-03
3.906628116965293884e-02
1.448567956686019897e-03
4.906565696001052856e-02
-7.815446006134152412e-04
6.646224111318588257e-02
-1.850614789873361588e-04
4.283476248383522034e-02
-2.475152956321835518e-03
3.924033790826797485e-02
-6.039896514266729355e-03
5.470949783921241760e-02
-1.220335485413670540e-03
3.618137538433074951e-02
1.655566738918423653e-03
5.192308872938156128e-02
-2.348454203456640244e-03
3.781649470329284668e-02
-6.929190130904316902e-04
5.555602908134460449e-02
1.970835874089971185e-04
2.822195924818515778e-02
1.762087573297321796e-03
2.229369245469570160e-02
-1.661107293330132961e-03
4.309373721480369568e-02
8.034245111048221588e-04
3.804916888475418091e-02
-1.070917351171374321e-04
4.559111595153808594e-02
-8.514294313499704003e-05
3.280657157301902771e-02
-3.992161247879266739e-03
2.772681228816509247e-02
-3.169856965541839600e-03
3.785945475101470947e-02
5.624895915389060974e-03
3.124815039336681366e-02
-9.898600546875968575e-05
3.313980251550674438e-02
2.054905751720070839e-03
4.313588887453079224e-02
-4.545530304312705994e-03
4.534478858113288879e-02
7.023348007351160049e-04
5.939350277185440063e-02
3.852132940664887428e-03
4.747973382472991943e-02
1.182264881208539009e-03
4.277797415852546692e-02
2.641874016262590885e-04
3.638454526662826538e-02
1.648128032684326172e-03
2.958767861127853394e-02
-1.329516409896314144e-03
4.805896058678627014e-02
2.181998919695615768e-03
4.604580253362655640e-02
2.594206016510725021e-03
3.156131505966186523e-02
6.374268326908349991e-03
6.168991327285766602e-02
-1.279868767596781254e-03
4.872784018516540527e-02
1.165495370514690876e-03
6.236514449119567871e-02
-2.584859728813171387e-03
6.036520004272460938e-02
-1.079044770449399948e-03
3.903099149465560913e-02
-1.763970358297228813e-03
3.967599570751190186e-02
-5.379239097237586975e-03
3.756259009242057800e-02
-3.837273921817541122e-03
2.691975608468055725e-02
3.675767220556735992e-04
2.875250019133090973e-02
-3.729906864464282990e-03
5.171452835202217102e-02
-2.907810034230351448e-03
5.014574155211448669e-02
-3.315602079965174198e-04
2.633744850754737854e-02
-2.420239849016070366e-03
4.000549390912055969e-02
-1.902790856547653675e-03
3.102735430002212524e-02
1.200210317620076239e-04
4.629995673894882202e-02
-5.508464761078357697e-03
4.727471247315406799e-02
5.086830351501703262e-03
5.723078176379203796e-02
2.039440441876649857e-03
4.129243269562721252e-02
2.034470206126570702e-03
4.933397471904754639e-02
1.886490383185446262e-03
4.844610393047332764e-02
1.301842858083546162e-03
3.150239586830139160e-02
-3.899698785971850157e-04
3.830973803997039795e-02
-3.724991343915462494e-03
5.168319493532180786e-02
4.513805615715682507e-04
3.556566312909126282e-02
-5.097186076454818249e-04
4.889919981360435486e-02
1.200049649924039841e-03
5.136646330356597900e-02
-1.739148574415594339e-04
4.885003343224525452e-02
-4.266673233360052109e-03
4.862973466515541077e-02
-4.342203901614993811e-04
5.328715592622756958e-02
-1.062012626789510250e-03
4.088417440652847290e-02
6.272942409850656986e-04
2.715124748647212982e-02
-2.050284994766116142e-03
3.080515377223491669e-02
-1.969788689166307449e-03
4.248211160302162170e-02
-2.940293634310364723e-03
4.357900843024253845e-02
-5.822958424687385559e-03
4.500027373433113098e-02
4.500961862504482269e-03
5.580444633960723877e-02
-2.486339537426829338e-03
4.271674528717994690e-02
-1.667466422077268362e-04
4.115015640854835510e-02
3.403959271963685751e-04
3.325118869543075562e-02
-6.831276114098727703e-04
4.164921864867210388e-02
4.303899127990007401e-03
5.056357011198997498e-02
-1.030051033012568951e-03
7.013795524835586548e-02
3.323563374578952789e-03
6.656999886035919189e-02
3.036163514479994774e-03
5.328811705112457275e-02
-2.505477285012602806e-03
4.373602941632270813e-02
-1.288469997234642506e-03
4.748781025409698486e-02
-3.164995694532990456e-03
4.784823209047317505e-02
-2.447562292218208313e-03
3.352811560034751892e-02
4.191042389720678329e-03
4.712666571140289307e-02
-1.283887075260281563e-03
4.134996980428695679e-02
-2.870083786547183990e-03
4.581676796078681946e-02
6.233036052435636520e-03
4.628526046872138977e-02
5.990781937725841999e-05
4.778001829981803894e-02
1.240762794623151422e-04
4.877968132495880127e-02
1.779239159077405930e-03
5.017444491386413574e-02
7.214180077426135540e-04
6.508424878120422363e-02
-8.308446849696338177e-04
3.963406383991241455e-02
2.555512357503175735e-03
3.536827489733695984e-02
-1.030076062306761742e-03
2.225513942539691925e-02
-2.232723636552691460e-03
3.748394176363945007e-02
-3.047268546652048826e-04
3.218312561511993408e-02
5.416198400780558586e-04
3.209515661001205444e-02
3.296608105301856995e-03
3.590265661478042603e-02
1.957650063559412956e-03
3.981814533472061157e-02
-1.408197800628840923e-03
3.654847294092178345e-02
1.906671677716076374e-03
4.683222249150276184e-02
-2.796436019707471132e-04
4.597535356879234314e-02
-3.630568971857428551e-03
4.970434680581092834e-02
-2.786224707961082458e-03
4.192570596933364868e-02
3.545408602803945541e-03
3.381603956222534180e-02
5.191544187255203724e-04
4.068583622574806213e-02
2.786984201520681381e-03
5.902084708213806152e-02
2.190816449001431465e-03
4.961314797401428223e-02
-1.634946092963218689e-03
6.659355759620666504e-02
2.213072963058948517e-03
4.811111092567443848e-02
9.150567348115146160e-04
2.530127577483654022e-02
6.444102618843317032e-04
5.622090026736259460e-02
-4.602579865604639053e-03
3.839286044239997864e-02
-6.836522952653467655e-04
3.926585614681243896e-02
-6.808419711887836456e-03
2.953021973371505737e-02
-2.583346329629421234e-03
3.503436222672462463e-02
-2.312633208930492401e-03
3.249052166938781738e-02
2.211444312706589699e-03
5.255498364567756653e-02
7.040290511213243008e-04
4.103596135973930359e-02
-2.134747337549924850e-03
4.698734730482101440e-02
2.026816073339432478e-04
5.181768909096717834e-02
2.061451319605112076e-03
4.145849123597145081e-02
1.854814472608268261e-03
4.388498142361640930e-02
-3.078115405514836311e-03
3.543357551097869873e-02
-2.759258495643734932e-03
2.953412011265754700e-02
-9.621965000405907631e-05
4.649945348501205444e-02
6.956480443477630615e-03
5.743035674095153809e-02
1.930913305841386318e-03
4.160088673233985901e-02
6.235942128114402294e-04
4.998696967959403992e-02
-2.949518384411931038e-04
6.049510091543197632e-02
7.855348521843552589e-04
3.454284742474555969e-02
3.618372138589620590e-03
3.836353868246078491e-02
1.664915354922413826e-03
6.922991573810577393e-02
7.156517822295427322e-04
4.703278839588165283e-02
-4.283084068447351456e-03
4.471341893076896667e-02
1.446693204343318939e-03
2.615471929311752319e-02
1.847898936830461025e-03
6.275736540555953979e-02
9.388860780745744705e-04
5.763454735279083252e-02
-4.804484080523252487e-03
4.666475951671600342e-02
-3.532539121806621552e-03
4.363547638058662415e-02
-4.629141185432672501e-03
4.592784494161605835e-02
-1.514756469987332821e-03
1.849669590592384338e-02
-7.318244315683841705e-04
3.237205743789672852e-02
-1.950455829501152039e-03
6.181408837437629700e-02
-8.508597384206950665e-04
3.709753230214118958e-02
2.111502690240740776e-03
1.377096492797136307e-02
5.500801838934421539e-03
4.170627892017364502e-02
2.238971646875143051e-03
3.059914708137512207e-02
-1.154344179667532444e-03
5.039341002702713013e-02
1.411212957464158535e-03
4.082402586936950684e-02
-2.268040785565972328e-03
5.456705018877983093e-02
9.251799201592803001e-04
4.677905514836311340e-02
-2.504398580640554428e-03
3.857641294598579407e-02
-2.290064003318548203e-03
5.931060388684272766e-02
1.914040418341755867e-03
3.104141168296337128e-02
-9.721260867081582546e-04
6.084737181663513184e-02
1.928942394442856312e-03
5.370895937085151672e-02
1.164075802080333233e-03
4.413459822535514832e-02
-2.946863416582345963e-03
3.986404463648796082e-02
1.106599229387938976e-03
2.720244415104389191e-02
1.441781641915440559e-03
3.677028790116310120e-02
-1.037740497849881649e-03
4.506089538335800171e-02
-4.770048428326845169e-03
3.063653782010078430e-02
2.321407198905944824e-03
3.261267393827438354e-02
2.597882179543375969e-03
4.566333815455436707e-02
8.314541773870587349e-04
4.328948631882667542e-02
2.430784981697797775e-03
3.565045818686485291e-02
4.810976330190896988e-03
3.380747511982917786e-02
-2.514883410185575485e-03
2.873332798480987549e-02
1.274979556910693645e-03
4.959090426564216614e-02
4.079340724274516106e-04
4.083980247378349304e-02
-7.342856260947883129e-04
2.772045880556106567e-02
1.405692077241837978e-03
5.531732738018035889e-02
-2.324560889974236488e-03
6.180742755532264709e-02
-5.365425022318959236e-04
7.477243244647979736e-02
2.989962231367826462e-04
3.657921776175498962e-02
1.833446149248629808e-04
3.461359068751335144e-02
3.329621627926826477e-03
5.388269573450088501e-02
2.850538585335016251e-03
5.082418769598007202e-02
1.218969584442675114e-03
1.926071755588054657e-02
1.379370572976768017e-03
5.354630947113037109e-02
1.674109837040305138e-03
3.386104106903076172e-02
-2.505269600078463554e-03
4.934808611869812012e-02
3.734088269993662834e-03
7.888931781053543091e-02
3.295474918559193611e-03
4.812798649072647095e-02
4.173538181930780411e-04
4.461343213915824890e-02
-2.706967934500426054e-04
1.441475935280323029e-02
-3.573511276044882834e-05
3.105314262211322784e-02
-1.955534564331173897e-03
4.338920488953590393e-02
1.563731697387993336e-03
4.424069076776504517e-02
-4.432810237631201744e-04
4.810426384210586548e-02
2.003862755373120308e-03
3.895283490419387817e-02
-1.876551541499793530e-03
1.591625064611434937e-02
2.173948800191283226e-03
4.770623892545700073e-02
-3.617071779444813728e-03
2.695356495678424835e-02
-2.205824013799428940e-03
4.260559007525444031e-02
-1.964189112186431885e-03
5.878833681344985962e-02
3.045997873414307833e-04
3.683399036526679993e-02
-7.409904501400887966e-04
4.303399473428726196e-02
2.048898488283157349e-03
3.496724739670753479e-02
2.636929741129279137e-03
2.197954803705215454e-02
1.152644515968859196e-03
5.526905506849288940e-02
-5.726091098040342331e-03
5.546064674854278564e-02
1.182637352030724287e-04
3.899614512920379639e-02
-9.596875170245766640e-04
4.625595733523368835e-02
-1.051017316058278084e-03
2.155552804470062256e-02
-4.782310687005519867e-03
5.147235468029975891e-02
3.526650543790310621e-04
2.439479343593120575e-02
1.988298725336790085e-03
7.757186889648437500e-02
-1.056801411323249340e-03
4.924608394503593445e-02
3.369992831721901894e-03
4.396831616759300232e-02
-6.215510074980556965e-04
4.467273131012916565e-02
4.556235391646623611e-03
4.331590980291366577e-02
-1.699107815511524677e-03
3.149134293198585510e-02
4.144768696278333664e-03
4.435813426971435547e-02
6.487024365924298763e-04
3.355139493942260742e-02
8.533400250598788261e-04
3.814610838890075684e-02
4.285006783902645111e-03
7.810103148221969604e-02
-2.097012707963585854e-03
4.256061464548110962e-02
2.055787947028875351e-03
3.144754469394683838e-02
1.705992966890335083e-03
1.988475956022739410e-02
-4.980252706445753574e-04
2.135024033486843109e-02
3.354738233610987663e-03
3.467903658747673035e-02
-2.409321721643209457e-03
3.688912466168403625e-02
-5.537864752113819122e-03
3.575161844491958618e-02
9.377559763379395008e-04
4.772193729877471924e-02
1.549097214592620730e-05
3.968613967299461365e-02
-1.432616147212684155e-03
3.951048105955123901e-02
-2.439915435388684273e-03
4.869380593299865723e-02
1.500011330790584907e-05
3.323793783783912659e-02
9.803723078221082687e-04
4.529710486531257629e-02
-9.114661952480673790e-04
3.511030226945877075e-02
-3.960213623940944672e-03
2.141239494085311890e-02
-4.010695498436689377e-03
1.899935491383075714e-02
3.884444013237953186e-04
3.106774948537349701e-02
-7.179644890129566193e-04
2.444556914269924164e-02
-1.649889862164855003e-03
2.856687270104885101e-02
5.844105035066604614e-04
3.668925911188125610e-02
1.288255443796515465e-03
5.618041008710861206e-02
-9.474075632169842720e-04
3.288038447499275208e-02
-7.532135932706296444e-04
5.742882564663887024e-02
1.192207448184490204e-03
6.100599840283393860e-02
-3.383852774277329445e-03
5.400243028998374939e-02
1.614562206668779254e-04
4.170002788305282593e-02
1.464251312427222729e-03
8.349660784006118774e-03
-1.424301532097160816e-03
3.946361690759658813e-02
6.990676629357039928e-04
3.802764415740966797e-02
1.421895925886929035e-03
5.097953602671623230e-02
8.331564604304730892e-04
5.803416296839714050e-02
4.246607888489961624e-03
5.553883314132690430e-02
1.337088295258581638e-03
2.349091321229934692e-02
4.835420288145542145e-03
2.618044987320899963e-02
-2.731550252065062523e-03
2.496085502207279205e-02
-2.988732419908046722e-03
4.211702942848205566e-02
-2.895549638196825981e-03
6.035612523555755615e-02
6.671475712209939957e-04
4.766910895705223083e-02
9.591531706973910332e-04
4.809464141726493835e-02
5.717689637094736099e-04
5.001076310873031616e-02
-2.349094487726688385e-03
7.562370598316192627e-02
-2.594096818938851357e-03
4.241617023944854736e-02
-8.048565941862761974e-04
4.940642416477203369e-02
-2.696668263524770737e-03
3.781775012612342834e-02
3.886021731887012720e-04
4.310614988207817078e-02
1.300430274568498135e-03
3.403367847204208374e-02
1.169605995528399944e-03
3.662281110882759094e-02
1.413250574842095375e-03
4.940056428313255310e-02
3.383274655789136887e-03
3.930228948593139648e-02
-6.271685706451535225e-04
3.466762974858283997e-02
-1.500179292634129524e-03
5.947704240679740906e-02
1.272359979338943958e-03
3.666058555245399475e-02
-2.575287129729986191e-03
3.968960791826248169e-02
-2.315226243808865547e-03
5.054656043648719788e-02
2.604243345558643341e-04
5.187071487307548523e-02
-3.894488327205181122e-04
4.173605889081954956e-02
-1.493305026087909937e-04
3.409570828080177307e-02
-4.798307782039046288e-05
2.159974351525306702e-02
2.046902081929147243e-04
4.978412762284278870e-02
6.333751138299703598e-03
2.121304161846637726e-02
9.503012988716363907e-04
3.557689860463142395e-02
7.580432575196027756e-04
2.856622077524662018e-02
1.054566819220781326e-03
4.635584726929664612e-02
1.729668234474956989e-03
5.254834145307540894e-02
1.346896315226331353e-04
5.303740128874778748e-02
2.414513844996690750e-03
4.405910149216651917e-02
-3.275062190368771553e-03
3.258483484387397766e-02
3.716433653607964516e-03
5.588372051715850830e-02
-6.358826067298650742e-04
5.124509707093238831e-02
-1.126053510233759880e-03
2.716461941599845886e-02
3.039131639525294304e-03
2.979810722172260284e-02
-3.631310537457466125e-03
6.403737515211105347e-02
-1.425130758434534073e-04
2.664492838084697723e-02
-7.143446055124513805e-06
5.080695450305938721e-02
9.698794456198811531e-04
5.167602002620697021e-02
6.278262007981538773e-03
3.646195679903030396e-02
-3.968379925936460495e-03
3.757845237851142883e-02
7.932318258099257946e-04
4.666958376765251160e-02
4.042990971356630325e-03
4.718334227800369263e-02
1.825422863475978374e-03
5.373599752783775330e-02
-4.628585302270948887e-04
5.217660218477249146e-02
-1.407674630172550678e-03
3.470997512340545654e-02
3.705128328874707222e-03
4.840455204248428345e-02
3.194615012034773827e-03
3.916298970580101013e-02
-3.113718004897236824e-03
2.209853008389472961e-02
-8.559254929423332214e-04
4.268533363938331604e-02
-1.284412341192364693e-03
3.699209168553352356e-02
2.949846442788839340e-03
3.737141564488410950e-02
-2.036754740402102470e-03
4.563955590128898621e-02
-2.138716401532292366e-03
4.493587464094161987e-02
4.948490764945745468e-03
3.372162207961082458e-02
-1.768180081853643060e-04
4.100878536701202393e-02
-5.194229073822498322e-03
3.382571786642074585e-02
-1.573927816934883595e-03
3.011241555213928223e-02
-3.752369084395468235e-04
4.753553867340087891e-02
9.490198863204568624e-05
4.438688978552818298e-02
1.627556193852797151e-04
3.538524731993675232e-02
-1.220120815560221672e-03
5.152671411633491516e-02
-7.260720012709498405e-04
1.696703396737575531e-02
-1.620453316718339920e-03
3.632226213812828064e-02
-5.689882673323154449e-04
3.674530237913131714e-02
2.021950902417302132e-03
3.336537256836891174e-02
5.159598775207996368e-03
4.063132777810096741e-02
-5.939734401181340218e-04
3.768010810017585754e-02
2.185707213357090950e-03
2.463555522263050079e-02
5.062179989181458950e-04
3.241228684782981873e-02
-5.944258300587534904e-04
4.103808850049972534e-02
4.918458871543407440e-04
4.017031937837600708e-02
-1.001472352072596550e-03
5.510120466351509094e-02
9.384093573316931725e-04
5.503653362393379211e-02
3.887257771566510201e-04
7.626793533563613892e-02
2.122106961905956268e-03
1.195812504738569260e-02
-3.176712198182940483e-03
6.560121476650238037e-02
6.097428034991025925e-03
4.336808994412422180e-02
5.376864224672317505e-03
4.929453879594802856e-02
1.923792879097163677e-03
4.683205485343933105e-02
